sens=0.5
ratioYX=1
outCap=0
inCap=0
offset=0
accel=0.15
exponent=0.2
midpoint=6
motivity=1.5
preScale=1
accelMode=AccelMode_CustomCurve
useSmoothing=1
rotation=0
as_threshold=0
as_angle=0
LUT_size=85
LUT_data=5,1;6.0666,1.0003;7.1333,1.0013;8.1995,1.003;9.2641,1.0055;10.326,1.0089;11.338,1.0129;12.346,1.0179;13.349,1.0239;14.303,1.0306;15.204,1.0379;16.095,1.0463;16.933,1.0553;17.718,1.0648;18.491,1.0753;19.208,1.0862;19.87,1.0973;20.479,1.1085;21.035,1.1197;21.539,1.1307;21.994,1.1414;22.438,1.1526;22.835,1.1632;23.186,1.1733;23.529,1.1837;23.83,1.1933;24.124,1.2032;24.411,1.2133;24.69,1.2236;24.961,1.2342;25.253,1.2462;25.537,1.2584;25.811,1.2709;26.076,1.2836;26.333,1.2964;26.581,1.3095;26.822,1.3227;27.055,1.336;27.28,1.3495;27.499,1.3632;27.711,1.3769;27.918,1.3907;28.139,1.4061;28.373,1.4229;28.658,1.444;29.008,1.471;29.546,1.5137;30.043,1.5537;30.42,1.5836;30.713,1.6063;30.977,1.6261;31.189,1.6416;31.388,1.6555;31.591,1.6694;31.801,1.6832;32.017,1.6969;32.24,1.7104;32.47,1.7238;32.709,1.7371;32.957,1.7501;33.214,1.763;33.48,1.7756;33.757,1.788;34.044,1.8002;34.341,1.812;34.648,1.8236;34.967,1.8348;35.296,1.8457;35.635,1.8563;35.985,1.8664;36.381,1.8771;36.788,1.8873;37.283,1.8987;37.833,1.9103;38.479,1.9224;39.183,1.9341;39.992,1.9459;40.903,1.9572;41.921,1.9677;43.046,1.9772;44.274,1.9853;45.603,1.9917;46.986,1.9963;48.468,1.9991;50,2;
CC_data_aggregate=5.000;1.000;40.000;1.000;20.000;2.000;50.000;2.000;
