sens=1
ratioYX=1
outCap=0
inCap=0
offset=0
accel=0
exponent=0.2
midpoint=6
motivity=1.5
preScale=1
accelMode=AccelMode_Linear
useSmoothing=0
rotation=0
as_threshold=0
as_angle=0
LUT_size=56
LUT_data=0,1.004;1.8487,1.0043;3.6979,1.0053;5.547,1.007;7.3947,1.0096;9.2396,1.0131;11.079,1.0175;12.919,1.0231;14.758,1.0299;16.584,1.0381;18.344,1.0474;20.085,1.0583;21.755,1.0706;23.406,1.0847;24.969,1.1002;26.45,1.1171;27.839,1.1354;29.133,1.1549;30.333,1.1755;31.378,1.1957;32.332,1.2163;33.196,1.2371;33.975,1.2577;34.723,1.2796;35.392,1.3008;36.034,1.323;36.65,1.3459;37.286,1.3714;37.983,1.4013;38.818,1.4397;40.224,1.508;41.108,1.551;41.851,1.5857;42.493,1.6141;43.116,1.64;43.765,1.6651;44.444,1.6893;45.154,1.7126;45.947,1.7362;46.831,1.76;47.869,1.7849;49.07,1.8102;50.442,1.8353;51.986,1.8594;53.703,1.8822;55.588,1.9032;57.641,1.9222;59.858,1.939;62.165,1.9532;64.625,1.9652;67.166,1.9749;69.856,1.9825;72.623,1.988;75.466,1.9916;78.38,1.9933;80.444,1.9934;
CC_data_aggregate=5.000;1.000;40.000;1.000;20.000;2.000;50.000;2.000;
